Model: svm-linear

Classes:
["A", "B", "C", "D", "E", "F", "G", "H", "I", "K", "L", "N", "O", "R", "S", "T", "U", "V"]

Classification report:
              precision    recall  f1-score   support

           A     1.0000    1.0000    1.0000        20
           B     0.9583    0.9583    0.9583        24
           C     0.9469    0.9817    0.9640       109
           D     1.0000    1.0000    1.0000        25
           E     0.8929    1.0000    0.9434        25
           F     1.0000    0.9677    0.9836        31
           G     1.0000    1.0000    1.0000        26
           H     1.0000    1.0000    1.0000        26
           I     1.0000    1.0000    1.0000        72
           K     1.0000    1.0000    1.0000        31
           L     1.0000    1.0000    1.0000        25
           N     1.0000    1.0000    1.0000        70
           O     0.9940    0.9736    0.9837       341
           R     1.0000    1.0000    1.0000        75
           S     1.0000    1.0000    1.0000        67
           T     1.0000    1.0000    1.0000        31
           U     1.0000    1.0000    1.0000        85
           V     0.9773    1.0000    0.9885        43

    accuracy                         0.9885      1126
   macro avg     0.9872    0.9934    0.9901      1126
weighted avg     0.9889    0.9885    0.9885      1126

Confusion matrix:
20 0 0 0 0 0 0 0 0 0 0 0 0 0 0 0 0 0
0 23 0 0 1 0 0 0 0 0 0 0 0 0 0 0 0 0
0 0 107 0 0 0 0 0 0 0 0 0 2 0 0 0 0 0
0 0 0 25 0 0 0 0 0 0 0 0 0 0 0 0 0 0
0 0 0 0 25 0 0 0 0 0 0 0 0 0 0 0 0 0
0 1 0 0 0 30 0 0 0 0 0 0 0 0 0 0 0 0
0 0 0 0 0 0 26 0 0 0 0 0 0 0 0 0 0 0
0 0 0 0 0 0 0 26 0 0 0 0 0 0 0 0 0 0
0 0 0 0 0 0 0 0 72 0 0 0 0 0 0 0 0 0
0 0 0 0 0 0 0 0 0 31 0 0 0 0 0 0 0 0
0 0 0 0 0 0 0 0 0 0 25 0 0 0 0 0 0 0
0 0 0 0 0 0 0 0 0 0 0 70 0 0 0 0 0 0
0 0 6 0 2 0 0 0 0 0 0 0 332 0 0 0 0 1
0 0 0 0 0 0 0 0 0 0 0 0 0 75 0 0 0 0
0 0 0 0 0 0 0 0 0 0 0 0 0 0 67 0 0 0
0 0 0 0 0 0 0 0 0 0 0 0 0 0 0 31 0 0
0 0 0 0 0 0 0 0 0 0 0 0 0 0 0 0 85 0
0 0 0 0 0 0 0 0 0 0 0 0 0 0 0 0 0 43
